   5.0000000000000000e+05
   3.1250000000000000e-02
   2.7816184953659624e-02
   3.7088246604879499e-02
   9.9999999999999991e-06
   2.5000000000000001e-04
   1.5000000000000000e+08
   1.5000000000000000e+08
   9.4247779607693793e-01
   4.8869219055841229e-01
   4.7123889803846898e+13
   5.1797974540082840e-03
   8.1920000000000000e+03
   4.0000000000000000e+03
   2.0000000000000000e+00
   5.0000000000000000e-01
   7.6127244129759647e+03
   4.0000000000000002e-01
   3.6012673000000003e+04
   1.0000000000000000e-02
   1.0000000000000000e-02
   1.0000000000000000e-03
   1.0000000000000000e+00
